- objective number
(0)
865, 123 0
849, 137 1
881, 137 2
865, 154 3
849, 173 4
881, 173 5
865, 195 6
(1)
955, 123 0
939, 137 1
971, 137 2
955, 154 3
939, 173 4
971, 173 5
955, 195 6
(2)
1043, 123 0
1029, 137 1
1061, 137 2
1043, 154 3
1029, 173 4 
1061, 173 5 
1043, 195 6


- left numbers
(0)
509, 271 0
495, 287 1
527, 287 2
509, 303 3
495, 323 4
527, 323 5
509, 343 6
(1)
509, 507 0
495, 522 1
527, 522 2
509, 540 3
495, 557 4
527, 557 5
509, 579 6
(2)
509, 741 0
495, 755 1
527, 755 2
509, 773 3
495, 791 4
527, 791 5
509, 813 6

- right symbols
if, elif, else
(0)
1351, 305 (2)
1349, 277 (10)
else (1)
(1)
1351, 541 (2)
1349, 513 (10)
else (1)
(2)
1351, 775 (2)
1349, 747 (10)
else (1)